0,2,0
-1.74846e-007,-8.74228e-008,-2
0,-8.74228e-008,2
0,2,0
-0,2,-0
-1.74846e-007,-8.74228e-008,-2
-0,2,-0
3.49691e-007,-8.74228e-008,2
-1.74846e-007,-8.74228e-008,-2
-0,2,-0
0,2,0
3.49691e-007,-8.74228e-008,2
0,-8.74228e-008,2
1.52855e-014,-2,1.74846e-007
-0,-2,-1.74846e-007
0,-8.74228e-008,2
-1.74846e-007,-8.74228e-008,-2
1.52855e-014,-2,1.74846e-007
-1.74846e-007,-8.74228e-008,-2
-3.0571e-014,-2,-1.74846e-007
1.52855e-014,-2,1.74846e-007
-1.74846e-007,-8.74228e-008,-2
3.49691e-007,-8.74228e-008,2
-3.0571e-014,-2,-1.74846e-007
